Thermal Diffusivity (m^2/s), StdTDiff (m^2/s) Temp (C)
2.086504737343833e-07, 1.2166719331551235e-09, 474.0
2.134116388872099e-07, 1.3248799244732122e-09, 475.0
2.1446764199165044e-07, 1.5467745643060893e-09, 476.0
2.1406623707164945e-07, 1.8688612020444328e-09, 477.0
2.1256455027121477e-07, 2.2051837084174e-09, 478.0
2.0270829399842383e-07, 2.510767761788683e-09, 479.0
2.062969397990031e-07, 2.507336050606599e-09, 480.0
2.0585188965147313e-07, 3.0085911852270727e-09, 481.0
2.2402611407746218e-07, 3.091176848684942e-09, 482.0
1.9304258404790465e-07, 2.6973134452649348e-09, 483.0
1.9671170378642181e-07, 1.618114121318236e-09, 490.0
1.959771565949957e-07, 1.8598006619837546e-09, 491.0
1.947773127472943e-07, 2.2613305479092314e-09, 492.0
2.032979258051406e-07, 2.1805513762484466e-09, 493.0
2.00397964305426e-07, 2.0790169920741845e-09, 494.0
2.072897646576196e-07, 1.6886166703942191e-09, 495.0
1.9726990366430185e-07, 1.237546867571868e-09, 496.0
1.909906506806408e-07, 1.3493725117612312e-09, 497.0
1.9616483753652938e-07, 1.5300471567803497e-09, 498.0
1.9762353853851063e-07, 1.7259825556075619e-09, 499.0
1.83991397749994e-07, 1.4373030728628024e-09, 500.0
1.9481721567183607e-07, 1.6588759495937326e-09, 501.0
1.9706098904766128e-07, 1.1744108705369951e-09, 502.0
2.0018525061236914e-07, 2.174069329886542e-09, 503.0
2.0047820636760212e-07, 1.2415348998421246e-09, 504.0
1.935711937393949e-07, 1.139420958422614e-09, 505.0
2.0152769059465383e-07, 1.461835701253064e-09, 506.0
2.0386972464601275e-07, 1.2762541499850864e-09, 507.0
1.8812044487594408e-07, 8.695227208942486e-10, 508.0
2.0155499860219326e-07, 9.394083195653949e-10, 509.0
2.0601029725125718e-07, 1.0829800980181846e-09, 510.0
1.862229255971749e-07, 7.4234944760665e-10, 511.0
1.9089429063182986e-07, 6.772428451919314e-10, 512.0
2.0004830279406565e-07, 9.779632900782922e-10, 513.0
1.9415549245771846e-07, 7.188874287285865e-10, 514.0
1.9751514320429134e-07, 8.155310783345343e-10, 515.0
2.0447491850236905e-07, 9.768463844011147e-10, 516.0
2.049049291078111e-07, 9.185998571898719e-10, 517.0
2.122681154742618e-07, 1.2251846993747054e-09, 518.0
2.0404616345764947e-07, 1.155404918577625e-09, 519.0
2.1143789515526874e-07, 1.1045544101674063e-09, 520.0
2.0784823714533686e-07, 1.655248349585691e-09, 521.0
2.115685801576985e-07, 1.2140346453676583e-09, 522.0
2.0881507047376718e-07, 1.216459512598139e-09, 523.0
2.1346084968249414e-07, 1.2803441499522953e-09, 524.0
2.0847389238863666e-07, 1.1304637446749466e-09, 525.0
2.0865844006180156e-07, 9.711195820131525e-10, 526.0
2.1037997721349498e-07, 8.85965048956293e-10, 527.0
2.0847649278109014e-07, 1.0073353181541343e-09, 528.0
2.074758745245569e-07, 7.898063172852925e-10, 529.0
2.0345335778859134e-07, 7.277003611145569e-10, 530.0
2.0787638527354606e-07, 7.537348541510138e-10, 531.0
2.0663687813242972e-07, 7.539025825752014e-10, 532.0
2.0183808139992471e-07, 8.489234962034938e-10, 533.0
2.0756507072425217e-07, 8.079017223304201e-10, 534.0
2.0121201085491408e-07, 8.479874888945754e-10, 535.0
2.0002751045068012e-07, 1.0377838652060561e-09, 536.0
2.0475785196765338e-07, 1.2620056440595072e-09, 537.0
2.085565440991166e-07, 1.4111808755163881e-09, 538.0
2.092504578205689e-07, 1.1131968459125845e-09, 539.0
2.131367150331233e-07, 1.3369173227066593e-09, 540.0
2.086862435803959e-07, 1.1652148034599057e-09, 541.0
2.0758256009186594e-07, 1.204631526115346e-09, 542.0
2.0624082900391498e-07, 1.1330102875220653e-09, 543.0
2.1192689907558175e-07, 9.998562392439068e-10, 544.0
2.1076107377403323e-07, 9.628377012801723e-10, 545.0
2.0213295373501775e-07, 1.0423347931264988e-09, 546.0
2.0465859578213441e-07, 9.603320684944323e-10, 547.0
2.064169876748173e-07, 9.146984595999977e-10, 548.0
2.0958308871685164e-07, 1.10912871837255e-09, 549.0
2.0290723737962335e-07, 9.123345310089652e-10, 550.0
2.0503290468132006e-07, 1.2287767677712796e-09, 551.0
2.0505841309975565e-07, 1.0654981765747374e-09, 552.0
1.992131620109977e-07, 1.072450014321163e-09, 553.0
1.9956422119437268e-07, 1.2079189095107225e-09, 554.0
2.1065721693382544e-07, 1.2759288026737645e-09, 555.0
2.052375896557261e-07, 1.4629385598700858e-09, 556.0
2.1357279121515377e-07, 1.6045724034900583e-09, 557.0
2.1130278143054518e-07, 1.6524007330957207e-09, 558.0
2.1341554139440666e-07, 1.0072444664631089e-09, 560.0
2.0688959453029147e-07, 1.0542837235643325e-09, 561.0
2.0884523255379349e-07, 1.0268696513093701e-09, 562.0
2.077184109022499e-07, 9.581915985814608e-10, 563.0
2.0636786954443695e-07, 8.685215205459689e-10, 564.0
2.0896822544203845e-07, 8.854768472357849e-10, 565.0
2.0495273436260804e-07, 9.853138810915146e-10, 566.0
2.057120591842385e-07, 9.53663450014893e-10, 567.0
2.0911571852162972e-07, 9.868728726137692e-10, 568.0
2.034716287769083e-07, 1.0043714370435987e-09, 569.0
2.05483393513891e-07, 1.15016972871773e-09, 570.0
2.0469391034733744e-07, 1.4366771840350297e-09, 571.0
2.0436300182022975e-07, 8.107049642555126e-10, 573.0
2.147636372312514e-07, 1.345847933741027e-09, 574.0
2.113223085522995e-07, 1.2577230171364576e-09, 575.0
2.115986593105538e-07, 1.2415054313579796e-09, 576.0
2.1617238722509423e-07, 1.3585681774520035e-09, 577.0
2.1407781091665182e-07, 1.152094899290962e-09, 578.0
1.8001611856969106e-07, 2.075522433562722e-09, 478.0
1.834443216900206e-07, 2.2276595839677384e-09, 479.0
1.7445537102639985e-07, 2.4084727471998883e-09, 480.0
1.889486984999779e-07, 2.27746740078744e-09, 481.0
1.8578020507248452e-07, 2.38985880718721e-09, 482.0
1.8080726317551117e-07, 2.023736470931396e-09, 483.0
1.827453945229272e-07, 2.7830049560214562e-09, 484.0
1.9318938275877006e-07, 2.870715405088225e-09, 485.0
1.9417978158661982e-07, 2.5977224039021885e-09, 486.0
1.881012152207835e-07, 2.44340296800897e-09, 487.0
1.903073712993507e-07, 2.541575098591497e-09, 488.0
1.9813062394010892e-07, 2.6216964563100644e-09, 489.0
1.945771329278102e-07, 2.3442569982017695e-09, 490.0
1.914907717535818e-07, 2.117804466943272e-09, 491.0
1.8228543287268057e-07, 2.134456849565863e-09, 492.0
1.8650188791654807e-07, 2.2822498759995775e-09, 493.0
1.9732451743881095e-07, 2.119688533893385e-09, 494.0
1.950219507335564e-07, 2.1015273683539345e-09, 495.0
1.8702448754285938e-07, 1.736677593718216e-09, 496.0
1.8371709597034425e-07, 1.7500762248606363e-09, 497.0
1.7546248103791583e-07, 1.9640424458224676e-09, 498.0
1.952005175465826e-07, 2.1191378192864368e-09, 499.0
1.834761890408733e-07, 1.7502061467559773e-09, 500.0
1.8003649880191e-07, 1.8547312435642247e-09, 501.0
1.7689611234823783e-07, 2.193902446253583e-09, 502.0
1.940797562853204e-07, 2.236384831535903e-09, 503.0
1.9808906493079343e-07, 2.789180283343261e-09, 504.0
1.8253845486589126e-07, 1.8344557566107505e-09, 505.0
1.792021438478894e-07, 1.871158824325054e-09, 506.0
1.9610752964425735e-07, 1.7780131102393951e-09, 507.0
1.9427493824747221e-07, 1.6996148463715025e-09, 508.0
1.8881498836527216e-07, 1.7851047247429872e-09, 509.0
1.8646598403577371e-07, 1.49817359256121e-09, 510.0
1.8657389217708316e-07, 1.6222697190445367e-09, 511.0
1.9183981034501997e-07, 1.5172296354135283e-09, 512.0
1.943782900717324e-07, 1.5191191573929651e-09, 513.0
1.8835107055037359e-07, 1.4348153879990914e-09, 514.0
1.923592348082003e-07, 1.2649393232664577e-09, 515.0
1.8503596535598036e-07, 1.4614317953543239e-09, 516.0
1.935793582230932e-07, 1.7350942533165943e-09, 517.0
1.8124917166250494e-07, 1.6729842956229056e-09, 518.0
1.827795813430487e-07, 1.6506145492363011e-09, 519.0
1.8924927968052925e-07, 1.7137356553325155e-09, 520.0
1.9277417621986387e-07, 1.8694250926871484e-09, 521.0
1.8005337584619903e-07, 1.7460627176205982e-09, 522.0
1.940843638149089e-07, 1.8733458909925796e-09, 523.0
2.0048971515878632e-07, 1.901957051321011e-09, 524.0
1.9071581423028424e-07, 1.8040236653429714e-09, 525.0
1.9748995212027557e-07, 1.516706160677666e-09, 526.0
1.9870000459076357e-07, 1.3933153254599201e-09, 527.0
1.8978504509113435e-07, 1.3909379828939719e-09, 528.0
2.0177745563020578e-07, 1.3000591535590814e-09, 529.0
1.9611778614251385e-07, 1.0610209393037906e-09, 530.0
1.9232955119161726e-07, 1.1617518383626931e-09, 531.0
1.8731100502291179e-07, 1.144243684271381e-09, 532.0
1.9238830487291015e-07, 1.129083768435476e-09, 533.0
1.901156612288632e-07, 1.1319746672062917e-09, 534.0
1.9755059191652016e-07, 1.1792464558946474e-09, 535.0
1.8423006882765785e-07, 1.2732212073610125e-09, 536.0
1.8973437999505584e-07, 1.2287188023853605e-09, 537.0
1.8413068906549307e-07, 1.3731187804400744e-09, 538.0
1.9803799227665053e-07, 1.3936690132961168e-09, 539.0
1.990893487455714e-07, 1.5306315040600266e-09, 540.0
1.8929498142033646e-07, 1.4186981797707608e-09, 541.0
2.0326204592734235e-07, 1.5844886630304304e-09, 542.0
2.0520922986267813e-07, 1.471634247417253e-09, 543.0
1.9262877232314618e-07, 1.5931835998744563e-09, 544.0
2.0025776779214288e-07, 1.4118275698269373e-09, 545.0
1.9759833716685342e-07, 1.2551086108475328e-09, 546.0
1.9197705139308144e-07, 1.0511430262283426e-09, 547.0
2.056945569732721e-07, 1.068259444750823e-09, 548.0
2.023533606564436e-07, 1.156136151717777e-09, 549.0
1.9510500017211625e-07, 1.023383540922731e-09, 550.0
1.9120103462635864e-07, 1.0087461407995764e-09, 551.0
2.0027071924838407e-07, 1.055002656621475e-09, 552.0
1.965113497227871e-07, 1.1063445021778624e-09, 553.0
1.9756336295318608e-07, 1.0092512829958444e-09, 554.0
1.949195113090156e-07, 1.0773308329755525e-09, 555.0
1.9681575408988625e-07, 1.0656221761415686e-09, 556.0
1.9984350687237846e-07, 1.2206076537615555e-09, 557.0
2.014596636650043e-07, 1.2631227439358716e-09, 558.0
2.0051466647171487e-07, 1.1725893554367877e-09, 559.0
1.9653779994951747e-07, 1.2135253382301592e-09, 560.0
1.9318399886940852e-07, 1.1097652926444916e-09, 561.0
2.0238042419359123e-07, 1.0981817398612784e-09, 562.0
2.0175348198810678e-07, 1.0426330135781932e-09, 563.0
2.0087847877749307e-07, 9.846108876181258e-10, 564.0
2.0170779122818912e-07, 9.843340735016991e-10, 565.0
2.019444116868739e-07, 9.052803802196437e-10, 566.0
2.0026271771667882e-07, 9.49943067487705e-10, 567.0
2.0669656712674515e-07, 1.0543250781670997e-09, 568.0
1.9924061253675324e-07, 9.706485798926851e-10, 569.0
1.9638503833469933e-07, 9.753597857771488e-10, 570.0
2.0064720835688889e-07, 1.2430473717718457e-09, 571.0
2.1027946271000568e-07, 1.329529818044328e-09, 572.0
2.088176866520761e-07, 1.6267449705111206e-09, 573.0
2.0047415012408552e-07, 1.420181854189962e-09, 574.0
2.0438286141616236e-07, 1.2246858394967718e-09, 575.0
2.037026682121744e-07, 9.871366998981418e-10, 576.0
2.0489091106585228e-07, 1.2322151052088589e-09, 577.0
2.0293622789702045e-07, 7.960840708877175e-10, 578.0
2.1046768465697876e-07, 4.3658328735067e-10, 579.0
